ACCOUNT_ID=0.0.4341078
ACCOUNT_PRIVATE_KEY=0xe383e4a68ea9bbf715dc9eb9f940883d09bc8222b02e9c7ed541832e9f32e1f5
FEE_RECIPIENT=0.0.4341078
MST_TOKEN_ADDRESS=0.0.4373513
MPT_TOKEN_ADDRESS=0.0.4373514
TREASURY_ADDRESS=0.0.4341078
TREASURY_PVKEY=0xe383e4a68ea9bbf715dc9eb9f940883d09bc8222b02e9c7ed541832e9f32e1f5
ACCOUNT2_ID=0.0.4372831
ACCOUNT2_PRIVATE_KEY=0x974ff88e13a9f9f8a5c6b68ecde1df5505baa9454f98663b6e68d1a9e859c5bc
REWARD_DISTRIBUTION_CONTRACT_ID=0.0.4373517