ACCOUNT_ID=0.0.4341078
ACCOUNT_PRIVATE_KEY=0xe383e4a68ea9bbf715dc9eb9f940883d09bc8222b02e9c7ed541832e9f32e1f5
FEE_RECIPIENT=0.0.4341078
MST_TOKEN_ADDRESS=0.0.4365495
MPT_TOKEN_ADDRESS=0.0.4365496